0 2
0 266
0 342
0 354
0 365
0 473
0 712
0 955
0 958
0 987
0 997
1 2
1 5
1 175
1 563
1 810
1 947
1 999
2 17
2 65
2 166
2 320
2 361
2 737
3 5
3 98
3 154
3 384
3 448
3 557
3 653
3 678
3 999
4 12
4 274
4 283
4 424
4 967
5 6
5 110
5 388
5 396
5 423
5 512
5 581
5 638
6 8
6 9
6 34
6 228
6 338
6 462
6 519
6 817
6 854
7 34
7 129
7 473
7 525
7 526
7 945
8 164
8 313
8 394
8 755
8 971
9 10
9 94
9 204
9 390
9 549
9 556
9 811
9 837
10 11
10 14
10 64
10 106
10 117
10 233
10 265
10 462
10 556
10 914
10 916
10 922
11 14
11 25
11 86
11 474
11 620
11 676
12 15
12 16
12 68
12 159
12 429
12 599
12 677
12 710
12 829
12 894
13 16
13 122
13 259
13 502
13 534
13 567
13 764
14 15
14 16
14 17
14 267
14 340
14 346
14 408
14 807
15 459
15 687
15 717
15 932
16 354
16 761
16 774
16 791
16 841
17 19
17 97
17 117
17 748
17 767
17 824
17 987
18 67
18 212
18 313
18 873
18 875
19 228
19 368
19 513
19 736
19 831
19 834
19 886
20 553
20 599
21 87
21 259
21 529
21 652
21 864
21 911
22 23
22 25
22 122
22 175
22 526
22 597
22 739
22 819
22 909
22 918
23 33
23 160
23 683
23 969
24 89
24 202
24 210
24 226
24 272
24 351
24 387
25 26
25 28
25 29
25 209
25 464
25 494
25 725
25 809
25 834
25 846
26 152
26 580
26 666
26 676
26 785
26 893
26 968
27 30
27 41
27 369
27 674
27 754
27 773
27 926
27 959
28 77
28 197
28 208
28 256
28 390
28 408
28 549
28 635
28 912
29 33
29 182
29 522
29 681
29 907
30 31
30 32
30 337
30 533
30 609
30 773
30 780
30 807
30 909
30 995
31 32
31 33
31 406
31 895
32 92
32 113
32 204
32 232
32 276
32 378
32 595
32 686
32 839
33 36
33 123
33 250
33 383
33 623
33 949
34 35
34 58
34 149
34 523
34 579
34 618
34 878
35 926
35 954
36 38
36 40
36 84
36 128
36 178
36 474
36 959
37 38
37 226
37 845
37 872
37 935
38 40
38 41
38 72
38 592
38 608
38 662
38 701
38 844
38 922
39 40
39 41
39 43
39 629
39 694
39 852
39 892
40 42
40 149
40 406
41 131
41 134
41 582
41 638
41 914
42 76
42 499
42 503
42 884
42 929
42 940
42 951
43 45
43 306
43 405
43 410
43 487
43 666
43 908
43 954
44 432
44 525
44 590
44 603
44 612
44 713
44 997
45 49
45 209
45 367
45 521
45 699
45 718
45 813
45 881
45 970
46 169
46 324
46 333
46 500
46 855
46 864
46 911
47 48
47 49
47 50
47 72
47 246
47 432
47 511
47 783
48 49
48 465
48 540
48 830
48 871
49 51
49 190
49 290
49 664
49 697
49 817
50 66
50 160
50 755
51 53
51 160
51 411
51 614
51 672
51 766
51 845
52 55
52 509
52 681
52 850
52 970
53 54
53 55
53 95
53 99
53 328
53 923
54 82
54 257
54 844
55 99
55 228
55 292
55 382
55 410
55 542
55 915
55 917
56 57
56 58
56 59
56 505
56 931
57 59
57 61
57 89
57 187
57 197
57 316
57 412
57 505
57 629
57 719
57 872
57 937
58 61
58 73
58 146
58 301
58 464
59 103
59 689
59 870
60 61
60 62
60 147
60 206
60 293
60 373
60 390
60 533
60 681
60 732
60 830
60 919
61 172
61 230
61 274
61 327
61 675
61 893
62 64
62 65
62 105
62 330
62 622
62 692
62 695
62 746
62 934
63 64
63 67
63 196
63 206
63 374
63 513
63 602
63 824
63 842
63 848
63 906
63 955
63 980
64 125
64 298
64 303
64 332
64 358
64 540
64 543
64 680
64 846
64 950
65 203
65 277
65 637
65 886
65 960
66 69
66 212
66 602
66 811
66 840
67 68
67 71
67 155
67 345
67 365
67 623
67 924
68 69
68 72
68 111
68 131
68 255
68 316
68 530
68 745
68 774
69 70
69 73
69 280
69 299
69 501
69 517
69 610
69 705
69 807
70 180
70 273
70 595
70 871
70 877
71 74
71 612
71 758
71 837
71 864
71 956
71 970
72 109
72 328
72 369
72 396
72 604
72 654
72 667
72 806
72 877
72 955
73 74
73 77
73 642
73 803
74 75
74 77
74 78
74 113
74 486
74 725
74 986
75 77
75 78
75 87
75 423
75 560
75 595
76 77
76 98
76 357
76 929
77 80
77 542
77 747
77 931
78 80
78 82
78 211
78 262
78 316
78 368
78 419
78 489
78 490
78 520
78 628
78 649
78 656
78 979
79 82
79 198
79 235
79 595
79 655
79 902
80 84
80 96
80 526
81 85
81 135
81 142
81 221
81 518
81 588
81 861
81 983
82 107
82 201
82 478
82 518
82 535
82 751
82 844
82 867
83 85
83 219
83 309
83 402
83 481
83 674
83 777
83 862
84 87
84 123
84 195
84 380
84 424
84 811
84 847
85 88
85 132
85 253
85 327
85 784
85 907
85 953
86 90
86 256
86 309
86 331
86 441
86 753
87 89
87 91
87 160
87 562
88 90
88 400
88 452
88 568
88 595
89 92
89 595
89 653
90 91
90 92
90 447
90 551
90 576
91 92
91 93
91 215
91 512
91 558
91 610
91 639
91 725
92 537
92 628
93 94
93 95
93 144
93 440
93 506
93 794
93 825
93 956
94 95
94 96
94 220
94 450
94 602
94 657
95 98
95 515
95 827
95 895
96 97
96 246
96 274
96 446
96 458
96 638
96 919
96 946
97 273
97 889
97 939
98 102
98 202
98 234
98 249
98 387
98 602
98 669
98 670
98 856
98 904
99 160
99 185
99 366
99 411
99 415
99 493
99 705
99 714
99 801
99 906
99 996
100 102
100 104
100 109
100 166
100 237
100 268
100 281
100 551
100 579
100 783
100 882
101 245
101 264
101 355
101 723
101 763
101 926
102 173
102 269
102 349
102 452
102 480
102 577
102 709
102 958
103 120
103 232
103 241
103 252
103 287
103 320
103 342
103 419
103 513
103 566
103 646
103 649
103 926
103 981
104 106
104 107
104 108
104 298
104 344
104 866
105 106
105 242
105 255
105 258
105 336
105 467
105 476
105 615
105 616
105 891
105 914
106 108
106 683
106 795
107 108
107 371
107 622
107 629
107 748
107 851
107 995
108 184
108 252
108 293
108 361
108 708
109 110
109 241
109 499
109 665
110 273
110 703
110 731
110 943
111 112
111 149
111 182
111 186
111 274
111 422
111 696
111 779
111 890
112 115
112 160
112 245
112 445
112 752
112 852
112 870
113 115
113 357
113 492
113 773
113 868
114 116
114 349
114 491
114 808
114 869
115 117
115 265
115 328
115 880
115 893
115 943
116 288
116 631
116 765
116 863
117 119
117 120
117 121
117 721
117 934
118 120
118 121
118 122
118 255
118 312
118 493
118 589
118 786
119 297
119 367
119 556
119 670
119 775
120 122
120 182
120 961
120 967
121 122
121 124
121 276
121 277
121 339
121 493
121 895
121 982
122 145
122 148
122 276
122 519
122 604
123 126
123 167
123 261
123 609
123 769
123 800
124 126
124 127
124 128
124 252
124 255
124 283
124 460
124 643
124 816
124 894
124 999
125 128
125 198
125 330
125 397
125 660
125 759
125 979
126 127
126 130
126 283
126 525
126 684
126 739
126 766
127 131
127 184
127 863
128 129
128 144
128 160
128 351
128 360
128 468
128 865
128 942
129 449
129 544
129 578
129 624
129 964
130 131
130 134
130 639
130 713
130 761
130 904
131 448
131 861
132 135
132 145
132 153
132 239
132 395
132 543
132 591
132 778
132 914
132 959
133 134
133 135
133 210
133 581
133 629
134 135
134 137
134 194
134 404
134 889
135 139
135 254
135 798
135 880
136 199
136 233
136 778
136 997
137 140
137 335
137 542
137 664
137 746
137 956
138 139
138 178
138 370
138 397
138 513
138 525
138 604
138 628
139 410
139 510
139 747
139 888
140 141
140 143
140 460
140 546
140 681
141 143
141 197
141 219
141 378
141 752
142 145
142 306
142 637
142 649
142 879
142 921
142 922
142 951
143 243
143 470
143 475
143 562
143 603
143 693
144 148
144 178
144 194
144 279
144 339
144 395
144 716
144 781
145 146
145 308
145 323
145 869
145 951
146 147
146 221
146 226
146 302
146 496
146 532
147 547
148 241
148 334
148 335
148 345
148 540
148 593
148 694
148 707
148 798
148 846
148 946
149 153
149 155
149 575
150 152
150 153
150 194
150 202
150 221
150 691
150 731
150 903
151 155
151 220
151 265
151 267
151 280
151 503
151 570
151 598
151 790
151 917
152 153
152 216
152 384
152 451
152 482
152 668
152 861
152 910
152 916
153 155
153 157
153 171
153 243
153 249
153 582
153 676
153 801
154 156
154 200
154 240
154 504
154 584
154 601
154 654
154 999
155 592
155 798
155 828
155 928
155 932
155 951
156 162
156 166
156 336
156 477
156 568
156 680
157 159
157 321
157 420
157 620
157 696
157 763
158 159
158 411
158 547
158 586
158 721
158 804
158 917
158 969
158 988
159 160
159 162
159 163
159 254
159 379
159 472
159 692
159 721
159 939
160 161
160 164
160 275
160 295
160 309
160 457
160 962
160 963
161 163
161 174
161 206
161 208
161 422
161 441
161 465
161 522
161 599
161 838
161 871
162 163
162 672
163 167
163 219
163 298
163 522
163 538
163 984
164 165
164 281
164 488
164 618
164 949
164 968
164 983
164 989
165 168
165 349
165 361
165 594
165 824
166 214
166 326
166 338
166 351
166 430
166 707
166 772
166 780
167 614
167 749
167 846
168 171
168 629
168 742
168 775
168 921
169 395
169 416
169 465
169 531
169 733
170 172
170 208
170 390
170 910
170 964
171 172
171 332
171 474
171 479
171 560
171 864
171 896
172 173
172 296
172 330
172 370
172 500
172 616
172 706
172 724
172 784
172 889
173 175
173 177
173 578
173 799
173 959
173 974
174 532
174 983
175 517
175 527
175 554
175 592
175 845
176 178
176 180
176 523
176 537
176 597
176 770
176 959
177 367
177 403
177 492
177 902
177 923
177 936
178 265
178 385
178 516
178 664
178 960
179 182
179 361
179 382
179 639
179 896
180 181
180 217
180 266
180 367
180 452
180 696
180 717
181 206
181 229
181 307
181 482
181 500
181 536
181 654
181 872
182 186
182 200
182 285
182 675
182 767
182 916
183 185
183 211
183 527
183 899
183 940
184 185
184 356
184 392
184 403
184 428
184 563
184 649
184 911
184 983
185 186
185 363
185 366
185 598
186 188
186 406
186 793
187 301
187 339
187 554
187 618
187 720
187 843
188 190
188 249
188 672
188 970
189 407
189 462
189 475
189 702
189 734
189 947
190 193
190 393
190 511
190 539
190 550
190 783
190 803
190 915
191 194
191 352
191 400
191 771
191 983
192 195
192 196
192 201
192 298
192 305
192 348
192 421
192 427
192 484
192 497
192 546
192 873
193 315
193 462
193 748
193 797
193 965
193 976
194 195
194 267
194 547
194 561
194 584
194 594
194 657
194 964
195 540
195 731
195 810
195 927
195 996
196 198
196 199
196 588
196 985
197 200
197 284
197 407
197 656
198 217
198 242
198 368
198 431
198 547
198 918
198 971
199 200
199 616
199 640
199 746
200 340
200 464
200 758
201 216
201 315
201 324
201 355
201 464
201 501
201 522
201 529
201 547
201 703
201 901
201 915
201 917
201 998
202 307
202 347
202 381
202 539
202 695
202 799
202 917
202 984
203 205
203 440
203 622
203 646
203 718
203 869
204 213
204 308
204 350
204 354
205 259
205 262
205 298
205 384
205 439
205 626
205 717
205 753
205 883
205 942
205 968
206 210
206 636
206 737
206 937
206 970
207 210
207 257
207 701
207 807
208 283
208 685
208 717
208 906
209 232
209 310
209 543
209 569
209 956
210 338
210 441
210 657
210 743
211 213
211 215
211 270
211 509
211 647
211 649
211 859
211 942
211 944
212 257
212 649
212 707
212 720
212 769
212 922
213 216
213 217
213 543
213 545
213 622
213 662
214 218
214 307
214 357
214 399
214 438
214 441
214 693
214 694
215 430
215 471
215 657
216 219
216 315
216 509
216 549
216 707
216 937
217 218
217 220
217 281
217 488
217 503
217 537
217 618
217 729
217 778
217 968
218 220
218 221
218 252
218 415
218 452
218 927
219 222
219 223
219 287
219 405
219 409
219 456
219 531
219 876
220 222
220 232
220 251
220 408
220 662
221 388
221 535
221 584
221 599
221 760
222 407
222 734
222 782
222 960
222 989
223 227
223 332
223 624
223 877
223 925
224 225
224 227
224 228
224 262
224 266
224 390
224 403
224 568
224 634
224 641
224 897
224 941
225 227
225 294
225 328
225 399
225 578
225 583
225 863
226 449
226 489
226 509
226 638
226 714
226 746
226 757
226 816
227 229
227 231
227 255
227 318
227 332
227 491
227 618
227 783
228 230
228 314
228 533
228 726
228 733
228 837
228 872
228 910
229 300
229 487
229 757
229 763
229 912
230 232
230 252
230 311
230 615
230 797
230 831
231 371
231 523
231 661
231 715
232 233
232 234
232 235
232 625
232 658
232 769
233 450
233 531
233 879
233 888
233 986
234 237
234 238
234 268
234 274
234 561
234 649
235 238
235 239
235 475
235 550
235 615
235 633
235 930
236 237
236 240
236 263
236 473
236 539
236 590
236 690
236 859
236 904
237 241
237 273
237 281
237 448
237 695
237 789
237 874
237 945
238 378
238 581
238 689
238 704
238 729
238 944
239 243
239 270
239 401
239 855
239 899
240 243
240 262
240 284
240 341
240 358
240 520
240 945
241 552
241 570
241 893
242 246
242 405
242 791
242 837
242 877
242 965
242 995
243 246
243 247
243 265
243 757
244 252
244 267
244 465
244 584
244 677
244 758
245 246
246 247
246 280
246 419
246 443
246 666
246 714
246 820
246 931
247 278
247 298
247 464
247 471
247 620
247 934
247 935
248 676
248 789
249 250
249 251
249 276
249 336
249 407
249 429
249 551
249 578
249 642
250 882
251 350
252 256
252 387
252 413
252 443
252 619
252 698
252 801
252 859
253 254
253 358
253 520
253 661
253 716
253 767
253 813
254 364
254 461
254 526
254 648
254 654
254 891
254 935
254 959
255 701
255 925
255 971
256 300
256 415
256 445
256 654
256 668
256 737
256 747
256 758
257 259
257 455
257 732
258 259
258 419
258 545
258 586
258 648
258 729
258 876
259 263
259 379
259 406
259 725
260 270
260 400
260 487
260 661
260 779
260 838
260 960
261 322
261 440
261 527
261 680
261 731
262 308
262 452
262 456
262 676
262 685
262 713
263 264
263 348
263 448
263 467
263 640
263 899
264 555
264 606
264 664
264 689
264 724
264 748
264 865
265 605
265 624
266 699
266 789
267 270
267 488
267 504
267 669
267 702
267 759
267 826
267 854
268 269
268 270
268 272
268 383
268 906
269 514
269 533
269 621
269 664
269 887
270 717
271 291
271 341
271 499
272 274
272 276
272 566
272 636
272 728
272 822
272 945
273 275
273 277
273 363
273 853
273 856
274 618
274 775
274 807
274 897
275 278
275 314
276 277
276 279
276 335
276 397
276 746
276 834
277 279
277 730
278 329
278 409
278 517
278 550
278 624
278 672
278 708
278 760
278 854
279 280
279 281
279 380
279 840
280 525
280 738
280 795
280 840
281 765
281 899
282 327
282 662
282 714
283 287
283 288
283 409
283 506
283 524
283 678
284 285
284 288
284 474
284 563
284 869
284 918
284 935
285 313
285 456
285 532
285 584
285 743
285 795
286 290
286 353
286 373
286 864
286 943
286 999
287 288
287 290
287 291
287 382
287 780
287 794
288 329
289 333
289 593
289 735
289 771
289 912
289 945
289 951
290 291
290 292
290 294
290 327
290 363
290 893
290 977
291 294
291 379
291 455
291 572
291 851
291 853
292 294
292 296
292 397
293 521
293 548
293 709
293 784
294 791
294 894
294 933
295 398
296 652
296 659
296 857
297 300
297 511
297 558
297 612
297 917
298 919
299 300
299 302
299 351
299 459
299 597
300 478
300 684
300 784
300 964
301 323
301 429
301 470
301 613
301 736
301 769
301 814
302 477
302 977
303 732
303 829
303 892
303 930
304 310
304 444
304 531
304 575
304 745
305 308
305 738
305 834
305 945
306 310
306 709
306 724
306 990
307 310
307 348
307 470
307 535
307 562
307 678
307 861
307 907
308 309
308 310
308 473
308 796
308 800
309 312
309 313
309 391
309 392
309 576
309 700
309 765
309 995
310 312
310 314
310 369
310 408
310 533
310 550
310 716
311 577
311 696
311 722
311 780
311 851
312 322
312 804
312 811
312 892
313 366
313 877
314 315
314 317
314 375
314 666
314 822
314 841
315 318
315 649
315 809
315 829
316 317
316 320
316 524
316 620
316 716
316 898
316 962
317 320
317 385
317 494
317 578
317 962
318 320
318 321
318 353
318 396
318 630
318 793
319 349
319 409
319 495
319 632
319 692
319 943
320 321
320 345
320 366
320 612
321 408
321 486
321 631
321 758
321 944
322 325
322 326
322 665
322 721
322 748
322 771
322 773
323 588
323 590
323 675
323 687
323 888
323 911
323 971
324 328
324 425
324 473
324 593
324 815
325 327
325 396
325 482
325 493
325 637
325 789
325 825
325 933
326 328
326 329
326 330
326 441
326 796
326 842
326 964
327 328
327 500
327 939
328 330
328 378
328 761
328 887
329 332
329 333
329 367
329 961
330 333
330 557
330 922
331 519
331 538
331 637
331 705
331 735
331 755
331 835
331 925
332 333
332 334
332 368
332 600
332 634
332 778
332 809
333 336
333 337
333 941
333 958
334 336
334 338
334 531
334 709
334 876
335 337
335 425
335 519
335 609
335 964
336 340
336 485
336 516
336 523
336 576
336 676
336 794
337 340
337 630
337 662
337 682
338 341
338 357
338 369
338 408
338 436
338 531
338 567
339 487
339 659
339 675
339 690
339 799
339 890
339 907
340 343
340 351
341 343
341 345
341 554
341 749
341 847
341 865
341 958
341 985
342 343
342 345
342 346
342 416
342 422
342 452
342 627
342 821
342 857
342 865
342 978
343 344
343 346
343 347
343 550
343 677
344 565
344 810
344 815
344 976
344 995
345 348
345 530
345 659
345 850
346 347
346 513
346 565
346 623
346 637
346 992
347 349
347 449
347 800
347 908
348 351
348 397
348 402
348 779
349 350
349 353
349 369
349 857
350 530
350 654
350 699
350 958
351 352
351 550
351 623
351 720
351 732
351 914
351 975
352 354
352 390
352 450
352 660
352 751
352 945
353 355
353 460
353 519
354 356
354 377
354 842
354 862
356 617
356 691
356 705
356 779
356 820
356 836
356 881
356 909
356 940
356 943
357 359
357 448
357 625
357 673
357 730
357 764
358 359
358 360
358 361
358 403
358 409
358 464
358 665
358 718
358 930
359 600
359 609
359 669
359 695
360 393
360 576
360 678
360 691
360 706
360 744
360 876
361 515
361 650
361 697
362 363
362 364
362 494
362 851
362 856
362 922
363 365
363 723
363 800
364 510
364 704
364 862
365 367
365 370
365 416
365 603
365 673
365 686
365 996
366 422
366 515
366 950
367 641
368 371
368 418
368 815
368 943
369 371
369 381
369 697
369 842
369 867
370 460
370 955
370 987
371 374
371 611
371 618
371 662
371 977
372 391
372 421
372 451
372 467
372 584
372 753
372 799
372 821
372 995
373 395
374 375
374 490
374 649
374 839
375 411
375 480
375 587
375 938
375 962
376 594
376 625
376 946
377 378
377 397
377 402
377 971
378 408
378 688
378 744
378 930
379 383
379 502
379 652
379 657
379 718
379 898
380 437
380 471
380 505
380 658
380 695
380 703
380 770
381 468
381 939
382 384
382 459
382 495
382 609
382 692
382 736
382 881
383 387
383 956
384 388
384 624
384 630
384 644
384 709
385 386
385 389
385 624
385 781
385 924
385 978
386 580
386 584
386 609
386 614
386 699
386 819
386 842
386 888
387 388
387 456
387 865
388 392
388 480
388 626
388 765
388 800
388 965
389 457
390 391
390 560
391 393
391 468
391 515
391 517
391 540
391 656
391 698
392 393
392 397
392 428
392 586
392 650
393 411
393 592
394 398
394 414
394 741
394 754
394 959
394 984
394 990
395 397
395 618
395 885
396 397
396 399
396 400
396 788
396 985
397 399
397 400
397 672
397 685
397 701
398 727
398 747
398 918
399 408
399 565
399 801
399 956
400 403
400 508
400 776
400 952
400 986
401 494
401 497
401 525
401 534
401 635
401 827
402 513
402 551
402 560
402 608
402 863
402 868
403 404
403 636
404 405
404 407
404 608
404 757
405 406
405 492
405 501
405 875
405 993
406 407
406 471
406 626
406 654
406 673
407 410
407 509
408 413
408 487
408 505
408 509
408 866
410 413
410 461
410 523
410 658
410 824
411 414
411 460
411 484
411 490
411 538
411 651
411 791
412 414
412 415
412 438
412 568
412 759
412 780
412 950
413 556
413 620
413 668
413 692
413 712
414 686
414 810
415 417
415 706
415 833
416 518
416 564
416 587
416 621
416 702
416 913
417 613
417 983
418 422
418 930
418 941
419 423
419 596
419 611
419 903
419 945
420 832
420 852
420 881
421 501
421 520
421 626
421 786
422 532
422 582
422 610
422 884
423 705
423 826
424 425
424 426
424 427
424 428
424 672
424 891
425 458
425 536
425 702
425 804
425 903
425 977
426 428
426 636
426 674
426 819
426 862
427 430
427 916
428 430
428 614
428 676
429 430
429 433
429 452
429 509
429 582
429 669
429 696
429 747
429 983
430 433
430 548
431 436
431 525
431 531
431 548
431 688
431 817
431 866
431 898
432 614
433 434
433 611
433 722
433 758
433 934
434 693
434 802
434 863
435 518
435 715
435 780
435 956
435 992
436 437
436 471
436 559
436 561
436 602
436 620
436 667
436 704
436 751
436 867
436 961
437 438
437 466
437 476
437 813
438 442
438 445
438 510
438 512
438 524
438 637
438 670
438 751
438 836
438 940
438 943
439 441
439 442
439 443
439 529
439 645
439 972
439 984
440 458
440 530
440 686
440 716
440 774
440 995
441 444
441 548
441 756
441 758
441 804
441 839
442 445
442 767
442 995
443 445
443 640
443 953
444 503
444 543
444 879
445 446
445 449
445 595
445 862
445 953
446 447
446 668
446 707
447 451
447 493
448 488
448 741
448 817
449 452
449 453
449 462
449 851
450 451
450 452
450 477
450 516
450 867
451 485
452 453
452 454
452 503
452 684
453 499
453 637
453 729
453 900
453 917
454 456
454 458
454 837
454 839
454 908
455 565
455 615
455 651
455 668
455 756
455 912
455 980
456 459
456 555
456 585
456 688
456 792
457 458
457 461
457 908
457 969
458 459
458 609
458 748
458 799
459 460
459 587
459 840
459 846
459 866
459 929
460 461
460 464
460 487
460 569
460 712
461 462
461 476
461 619
461 680
461 689
462 609
462 637
462 873
463 465
463 467
463 621
464 468
464 753
464 817
464 903
465 466
465 509
465 534
465 566
465 753
465 816
466 469
466 768
467 513
467 524
467 530
467 590
467 653
467 953
468 472
468 485
468 669
468 889
468 893
468 908
469 517
469 549
469 616
469 643
470 474
470 507
470 813
470 948
471 473
471 502
472 476
472 914
473 577
473 676
473 944
474 526
474 785
475 620
475 802
475 926
476 477
476 905
476 990
477 884
477 891
477 899
478 512
478 566
478 676
478 697
478 923
479 482
479 483
479 654
479 817
479 984
480 640
480 716
481 482
481 483
481 484
481 535
481 574
481 734
482 483
482 666
482 860
482 867
482 881
483 686
483 789
483 917
483 927
483 928
484 486
484 551
484 565
484 663
484 981
485 486
485 488
485 899
485 924
486 487
486 555
486 657
486 794
486 951
487 490
487 491
487 550
488 489
488 490
488 491
488 622
488 632
488 673
489 493
489 584
489 588
489 611
489 957
490 492
490 565
490 704
490 773
491 680
491 909
492 496
492 714
493 497
493 517
493 626
493 631
494 495
494 566
494 581
495 498
495 555
496 718
496 739
496 837
497 658
497 721
497 789
498 502
498 791
499 799
500 502
500 503
500 678
500 695
500 775
501 507
501 555
501 768
501 773
502 503
502 505
502 829
502 848
502 877
502 959
503 507
503 537
503 691
503 884
503 998
504 506
504 988
505 508
505 736
505 937
506 609
506 877
506 893
506 952
507 598
507 703
507 920
507 929
508 581
508 628
508 721
508 815
508 848
509 510
509 697
509 698
509 839
509 846
510 511
510 514
510 549
510 554
510 567
510 798
510 800
510 850
510 948
511 513
511 515
511 556
511 766
512 526
512 722
512 784
513 516
513 705
514 633
514 866
515 516
515 518
515 812
516 575
516 706
516 826
516 970
517 518
517 527
517 581
517 876
517 892
517 931
518 520
518 521
518 711
518 814
518 908
519 521
519 523
519 566
519 644
519 722
520 521
520 522
520 703
521 528
522 766
523 715
523 857
523 973
524 525
524 528
524 622
524 818
524 972
525 526
525 546
525 733
525 956
526 670
526 703
526 776
526 926
526 947
526 984
527 577
527 705
528 530
528 676
528 730
528 912
529 532
529 643
529 808
529 838
529 879
529 993
530 909
531 534
531 709
532 594
532 792
533 535
533 537
533 639
533 928
533 944
534 536
534 762
534 927
535 716
535 796
535 879
535 906
536 539
536 540
536 573
536 696
536 969
536 982
537 646
537 740
537 817
537 888
537 923
538 539
538 542
538 598
538 859
539 550
539 600
539 667
539 777
540 542
540 714
540 854
540 911
541 542
541 551
541 588
542 545
542 657
542 760
542 981
543 607
543 723
543 870
543 927
544 545
544 695
545 548
545 818
545 967
546 550
546 580
546 608
546 618
546 727
546 832
546 837
546 848
546 873
547 548
547 550
547 660
547 847
548 777
549 553
549 690
549 904
549 969
550 757
550 938
551 552
551 555
551 672
551 787
552 676
552 729
552 858
552 965
552 973
552 988
553 555
553 712
553 727
553 731
553 830
554 555
554 653
554 764
555 987
556 557
556 703
556 814
556 986
557 558
557 772
557 824
558 561
560 564
560 565
560 748
560 778
560 779
560 920
561 562
561 563
561 565
561 712
561 951
562 840
563 641
563 660
563 967
564 568
564 637
564 660
564 878
565 567
565 569
565 701
566 771
566 776
566 891
566 911
567 600
567 712
567 798
567 863
567 866
567 882
568 704
568 754
568 866
568 959
569 572
569 593
569 723
569 802
569 832
570 573
570 574
570 704
570 847
570 955
571 572
571 574
571 652
572 574
572 575
572 660
573 576
573 577
573 595
573 802
573 886
573 918
575 579
575 813
575 831
575 967
576 962
577 578
577 580
577 581
577 590
577 626
577 744
577 959
577 994
580 996
581 582
581 585
581 594
581 931
581 970
582 589
582 938
583 655
583 747
583 858
583 932
583 969
584 707
584 746
584 833
584 896
585 588
585 706
585 749
586 589
586 605
586 693
586 804
586 880
586 986
587 636
587 702
587 783
587 860
588 592
588 643
588 896
589 590
589 707
590 595
590 874
591 593
591 595
591 805
591 838
591 978
592 594
592 596
592 923
593 595
593 960
593 967
593 974
595 611
595 626
595 947
596 597
596 598
596 600
596 756
596 824
596 857
597 613
597 977
597 995
598 666
598 730
598 731
599 603
599 699
599 765
599 976
600 601
600 635
600 656
601 605
601 649
602 625
602 628
602 756
603 806
603 894
604 605
604 608
604 633
604 807
604 996
605 606
605 607
605 609
606 610
606 798
607 608
607 637
607 648
607 928
608 609
608 611
608 840
608 872
608 969
609 833
609 876
609 961
610 613
610 717
610 778
611 882
612 650
613 616
613 660
613 862
614 616
614 617
614 639
614 929
614 954
614 960
615 617
615 629
615 716
615 741
616 786
616 871
617 701
617 793
617 819
617 967
618 621
619 620
619 623
619 761
619 793
619 865
620 623
620 627
620 992
622 712
623 627
623 952
623 970
623 992
624 628
625 668
626 843
626 885
626 981
627 729
627 884
627 937
628 631
628 668
628 879
629 632
629 718
629 761
630 631
630 633
630 709
631 824
632 633
632 635
632 905
632 923
633 635
633 878
633 896
634 999
635 636
635 637
635 643
635 820
635 826
635 919
636 637
636 640
636 874
636 915
637 638
637 757
637 822
638 642
639 700
639 962
640 641
640 812
641 643
641 660
641 705
641 743
642 711
642 947
643 644
643 838
643 844
643 994
644 646
644 712
644 946
645 646
645 803
645 897
646 647
646 696
647 650
647 826
647 840
647 854
647 873
647 909
648 652
648 734
648 806
649 650
649 653
649 774
650 655
650 762
650 912
651 655
651 864
652 935
652 986
653 654
653 655
653 864
654 658
654 669
655 657
655 683
655 687
655 809
655 976
656 660
656 816
657 658
657 659
657 661
657 775
658 660
658 661
658 675
658 810
658 852
658 893
659 661
660 661
660 662
660 949
660 987
661 662
661 664
661 925
662 964
663 665
663 667
663 833
663 856
663 983
664 851
665 666
665 752
665 898
666 668
667 668
667 669
667 790
667 908
667 977
667 984
668 774
668 885
669 740
669 782
669 840
670 761
670 801
670 818
670 853
670 870
670 976
671 683
671 837
671 931
671 999
673 674
673 676
673 677
673 688
674 677
674 951
674 952
675 679
675 826
675 890
675 906
675 932
675 951
676 679
676 850
677 746
677 939
677 959
678 681
678 682
678 825
679 681
679 683
679 815
679 932
680 681
680 705
681 730
681 766
681 848
682 684
683 777
683 857
683 900
684 687
684 759
684 837
685 688
685 723
685 783
685 864
686 690
686 706
687 690
687 691
687 770
687 995
688 689
688 715
688 912
689 691
689 804
689 867
689 892
690 694
690 728
691 693
691 711
691 791
691 873
691 987
692 693
692 694
692 696
692 995
693 714
693 887
693 910
695 697
695 912
695 921
695 978
695 983
696 981
698 699
698 700
698 702
698 870
698 948
699 892
699 956
700 702
700 733
700 738
700 778
700 788
701 857
702 703
702 758
703 704
703 705
703 706
703 855
704 707
704 885
705 764
706 707
706 709
706 710
707 709
708 729
708 742
709 724
709 819
709 886
709 894
710 713
710 908
711 715
712 885
713 716
713 717
713 905
714 716
714 718
714 739
714 970
715 716
715 717
716 975
717 771
718 720
718 917
719 722
719 945
720 721
720 724
720 789
720 924
721 723
721 974
722 725
722 835
723 726
723 746
723 753
724 726
724 750
724 786
725 727
725 728
725 729
726 756
726 837
726 913
726 972
727 730
727 778
728 729
728 731
728 779
728 925
728 993
729 732
729 901
730 732
730 733
730 822
730 869
730 944
730 980
731 805
731 975
732 733
732 734
732 735
733 737
733 762
734 822
735 737
735 971
736 768
736 844
736 877
737 739
737 740
738 741
738 742
738 761
738 930
739 893
740 742
740 849
740 896
741 742
741 745
741 761
741 822
741 893
742 797
742 858
742 861
742 901
742 913
743 849
743 860
743 881
744 825
745 781
745 822
745 861
745 945
746 749
746 884
747 751
747 873
748 750
748 782
749 753
749 826
749 839
749 883
749 950
750 754
750 892
751 755
753 756
753 796
753 878
753 928
754 783
754 901
754 932
754 996
755 757
756 852
757 943
758 762
758 795
759 760
759 966
760 889
760 903
760 956
761 833
761 875
762 764
763 765
763 964
763 982
765 769
765 862
765 988
766 769
766 782
766 922
767 770
767 771
768 772
768 786
768 938
769 772
769 859
769 908
770 773
771 773
771 775
771 826
772 924
773 777
774 777
774 778
774 989
775 781
775 844
775 919
775 986
776 778
776 795
776 981
777 779
778 780
778 820
779 780
779 782
779 802
779 852
779 924
780 782
781 782
781 785
782 785
783 784
783 793
784 804
784 907
784 977
785 786
785 788
785 789
785 890
786 790
786 937
787 788
787 791
787 824
787 952
788 789
788 818
788 833
789 790
789 792
789 793
789 807
789 814
789 906
789 940
789 970
790 791
791 924
792 801
793 794
794 795
794 988
795 797
795 823
795 922
796 797
796 798
796 849
796 871
796 897
796 959
797 800
797 801
797 897
798 802
798 847
799 802
799 864
800 805
800 819
800 940
801 805
801 886
802 935
803 804
803 921
803 953
804 808
804 821
804 883
804 963
805 806
806 808
806 809
806 854
806 882
806 994
807 920
808 971
809 810
809 812
809 944
809 965
809 984
811 813
811 851
812 814
812 900
813 816
814 816
814 904
815 818
815 839
816 819
816 931
816 992
817 819
818 820
818 821
818 956
818 975
819 921
821 823
821 844
821 907
822 948
822 981
823 826
823 927
825 827
825 906
826 937
826 966
827 829
827 838
827 964
828 829
828 831
828 841
828 885
829 833
829 928
830 831
830 834
830 858
830 991
831 832
831 992
832 833
832 836
834 836
834 915
836 837
836 838
836 839
837 838
837 840
837 905
837 979
838 841
838 969
839 840
841 844
842 845
842 848
843 865
843 885
843 953
843 963
844 847
844 848
844 970
844 975
845 848
845 945
846 849
846 894
846 911
847 850
847 995
848 852
848 939
848 942
848 956
849 851
849 852
850 851
850 854
850 939
850 952
851 853
851 901
851 935
852 853
852 856
853 854
853 855
854 856
855 856
855 928
856 858
856 916
857 861
858 861
859 862
860 952
861 863
861 912
862 865
862 888
862 967
862 972
863 866
863 867
863 970
864 865
864 866
864 966
865 868
866 867
866 868
866 869
866 871
867 871
868 869
869 872
870 943
870 961
870 989
871 872
871 874
871 973
872 962
873 876
874 876
874 878
874 962
874 981
875 879
875 902
875 908
876 879
878 879
878 881
879 933
882 909
883 884
884 885
884 896
885 888
886 888
886 957
888 890
889 892
890 894
891 893
891 894
891 895
891 933
892 893
892 913
894 895
894 896
895 899
895 928
896 900
896 918
897 944
897 949
899 900
899 901
899 902
900 901
901 902
901 903
902 954
903 904
904 906
905 906
905 909
905 911
907 908
907 929
908 910
908 920
909 944
910 914
912 915
913 915
913 917
914 915
914 926
914 982
916 917
916 921
917 984
917 989
918 919
919 922
920 921
920 922
920 923
921 925
921 987
924 977
924 982
925 926
925 929
926 928
926 929
926 955
927 928
927 929
927 930
927 948
927 960
929 931
929 936
929 949
930 931
930 932
930 934
931 932
931 933
931 961
932 933
932 934
932 996
934 935
934 937
935 937
936 938
936 939
937 940
938 939
938 942
939 940
939 942
939 943
939 955
940 943
941 942
941 945
942 946
944 947
944 948
946 950
946 967
947 948
947 950
948 962
949 953
949 980
950 952
950 969
951 953
951 986
952 953
953 954
953 956
953 957
955 959
957 958
957 959
957 961
958 961
959 963
960 995
961 962
961 964
963 965
964 966
964 967
965 966
965 967
965 968
965 969
966 970
967 971
968 971
969 971
971 974
971 975
972 975
972 976
973 976
974 978
975 978
976 977
976 986
977 978
977 980
978 980
979 982
981 982
981 985
985 986
985 987
987 989
988 989
989 991
989 992
990 994
993 994
993 997
994 998
995 997
