date nvariants nhealthy ninfected nrecovered ndeceased
0 1 993 7 0 0
1 1 972 28 6 0
2 2 865 135 22 0
3 6 573 427 112 0
4 8 374 625 404 1
5 8 481 517 856 2
6 9 388 609 1208 3
7 10 477 520 1669 3
8 11 450 545 2070 5
9 11 459 535 2495 6
10 11 470 522 2925 8
11 13 470 521 3348 9
12 13 455 535 3761 10
13 13 473 517 4189 10
14 13 475 513 4615 12
15 13 476 511 5042 13
16 13 468 519 5453 13
17 13 457 530 5867 13
18 13 463 523 6296 14
19 14 454 531 6715 15
20 15 471 514 7153 15
21 15 478 506 7579 16
22 15 464 519 7993 17
23 16 467 515 8413 18
24 16 450 532 8822 18
25 17 472 510 9254 18
26 17 436 544 9654 20
27 17 493 487 10105 20
28 17 477 503 10506 20
29 17 477 502 10925 21
30 17 465 513 11336 22
31 17 469 509 11761 22
32 17 463 515 12174 22
33 17 453 525 12588 22
34 17 473 504 13016 23
35 17 462 515 13424 23
36 17 469 507 13845 24
37 18 451 524 14258 25
38 18 447 528 14664 25
39 18 467 506 15091 27
40 19 451 522 15491 27
41 19 447 526 15901 27
42 19 473 499 16331 28
43 19 473 499 16748 28
44 19 441 530 17143 29
45 20 484 487 17579 29
46 20 459 512 17976 29
47 20 452 518 18375 30
48 20 492 477 18805 31
49 20 427 542 19183 31
50 20 495 474 19632 31
51 20 431 537 20005 32
52 21 471 496 20425 33
53 22 433 534 20809 33
54 23 493 474 21254 33
55 23 426 539 21622 35
56 24 473 491 22054 36
57 26 428 535 22446 37
58 27 481 481 22874 38
59 27 438 523 23251 39
60 27 482 479 23681 39
61 29 419 541 24059 40
62 31 469 490 24488 41
63 31 467 491 24891 42
64 31 445 513 25276 42
65 31 472 486 25695 42
66 31 416 542 26069 42
67 31 467 489 26497 44
68 32 445 511 26892 44
69 33 425 528 27284 47
70 33 465 488 27699 47
71 33 437 515 28084 48
72 34 484 467 28512 49
73 34 429 521 28878 50
74 34 462 488 29295 50
75 34 457 493 29694 50
76 34 440 510 30085 50
77 34 449 500 30488 51
78 34 450 499 30887 51
79 36 444 505 31285 51
80 36 443 506 31684 51
81 36 436 513 32079 51
82 36 457 492 32487 51
83 38 448 501 32870 51
84 39 434 514 33257 52
85 40 456 490 33671 54
86 40 451 493 34066 56
87 40 459 484 34462 57
88 40 460 482 34862 58
89 40 450 488 35263 62
90 40 443 493 35653 64
91 40 427 506 36033 67
92 42 426 505 36418 69
93 42 434 497 36812 69
94 43 456 475 37216 69
95 44 433 497 37595 70
96 44 445 484 37991 71
97 44 437 492 38371 71
98 44 461 468 38775 71
99 44 456 473 39165 71
100 44 450 479 39556 71
101 44 437 490 39936 73
102 44 426 499 40318 75
103 45 445 478 40713 77
104 45 423 498 41092 79
105 45 445 474 41493 81
106 47 402 517 41858 81
107 47 451 466 42266 83
108 47 425 492 42637 83
109 47 447 470 43035 83
110 47 430 486 43416 84
111 47 443 472 43804 85
112 47 427 488 44166 85
113 48 424 489 44548 87
114 48 460 452 44940 88
115 48 384 527 45270 89
116 48 446 463 45687 91
117 48 437 472 46052 91
118 48 436 471 46428 93
119 50 431 475 46807 94
120 50 406 499 47167 95
121 50 443 461 47561 96
122 50 413 491 47923 96
123 50 433 469 48304 98
124 50 442 460 48682 98
125 50 434 468 49049 98
126 51 433 468 49422 99
127 51 402 498 49778 100
128 51 431 469 50166 100
129 51 407 493 50527 100
130 51 447 452 50928 101
131 51 393 505 51267 102
132 51 461 435 51671 104
133 51 387 507 52010 106
134 52 463 429 52415 108
135 52 415 477 52763 108
136 53 439 453 53138 108
137 53 400 492 53481 108
138 53 452 438 53869 110
139 55 409 481 54211 110
140 56 408 481 54571 111
141 57 423 464 54946 113
142 57 430 457 55316 113
143 57 438 447 55690 115
144 57 403 481 56038 116
145 58 428 456 56412 116
146 59 416 468 56767 116
147 59 384 500 57103 116
148 60 432 451 57490 117
149 61 413 470 57837 117
150 61 410 471 58197 119
151 62 437 444 58569 119
152 63 428 453 58932 119
153 63 420 460 59288 120
154 63 401 479 59636 120
155 63 417 463 59995 120
156 63 421 459 60358 120
157 63 407 472 60714 121
158 63 413 465 61082 122
159 63 411 467 61442 122
160 63 413 465 61798 122
161 64 412 466 62150 122
162 64 420 456 62513 124
163 64 406 469 62862 125
164 64 427 448 63234 125
165 64 416 459 63587 125
166 66 408 467 63944 125
167 67 404 471 64295 125
168 67 410 465 64655 125
169 67 435 438 65029 127
170 67 392 480 65357 128
171 69 423 449 65728 128
172 69 410 461 66074 129
173 69 421 448 66438 131
174 69 403 464 66784 133
175 69 406 459 67133 135
176 70 398 466 67488 136
177 70 423 440 67852 137
178 71 398 463 68186 139
179 71 405 456 68534 139
180 72 414 447 68888 139
181 72 432 429 69246 139
182 72 419 441 69587 140
183 72 409 449 69934 142
184 72 388 469 70268 143
185 72 403 454 70622 143
186 72 412 445 70971 143
187 72 403 453 71317 144
188 72 402 454 71664 144
189 73 397 459 72013 144
190 73 401 454 72359 145
191 73 414 440 72727 146
192 73 390 464 73057 146
193 73 381 471 73398 148
194 73 427 425 73769 148
195 74 381 471 74092 148
196 74 390 461 74443 149
197 74 394 455 74796 151
198 74 407 442 75145 151
199 74 410 439 75487 151
200 74 396 453 75821 151
201 75 386 462 76153 152
202 75 395 453 76499 152
203 75 393 453 76841 154
204 75 395 451 77179 154
205 77 387 458 77516 155
206 77 409 435 77872 156
207 78 391 453 78203 156
208 78 418 426 78565 156
209 79 377 467 78893 156
210 80 404 438 79245 158
211 81 396 445 79577 159
212 82 419 421 79925 160
213 83 367 473 80238 160
214 84 430 410 80611 160
215 84 375 464 80914 161
216 84 397 442 81254 161
217 86 382 456 81585 162
218 87 396 441 81926 163
219 88 386 449 82263 165
220 88 407 428 82607 165
221 90 391 444 82934 165
222 90 374 460 83256 166
223 90 413 421 83617 166
224 90 389 444 83936 167
225 91 390 443 84283 167
226 91 403 430 84630 167
227 91 375 455 84960 170
228 92 421 409 85322 170
229 92 355 474 85620 171
230 92 378 451 85960 171
231 93 403 424 86306 173
232 93 398 428 86637 174
233 94 407 419 86976 174
234 95 383 438 87295 179
235 96 396 425 87638 179
236 96 391 430 87968 179
237 97 387 433 88298 180
238 97 401 415 88637 184
239 97 402 413 88970 185
240 97 394 420 89295 186
241 97 402 411 89625 187
242 97 376 436 89936 188
243 97 384 428 90264 188
244 97 381 431 90593 188
245 97 399 412 90928 189
246 98 367 444 91231 189
247 98 398 413 91576 189
248 98 395 415 91903 190
249 98 396 413 92224 191
250 99 370 439 92537 191
251 99 375 433 92866 192
252 99 399 408 93199 193
253 99 373 434 93504 193
254 100 389 418 93833 193
255 100 375 432 94146 193
256 100 408 399 94490 193
257 102 370 436 94797 194
258 102 399 406 95129 195
259 103 378 427 95440 195
260 104 402 403 95780 195
261 104 398 405 96096 197
262 104 369 433 96403 198
263 105 397 404 96740 199
264 105 381 420 97048 199
265 105 398 403 97379 199
266 105 366 434 97687 200
267 106 407 393 98031 200
268 107 351 448 98325 201
269 107 382 416 98662 202
270 108 377 420 98967 203
271 108 374 423 99283 203
272 108 385 410 99615 205
273 111 344 450 99913 206
274 111 384 408 100250 208
275 111 367 424 100556 209
276 111 409 381 100895 210
277 111 387 403 101203 210
278 111 409 381 101528 210
279 111 353 435 101810 212
280 111 392 396 102144 212
281 111 369 419 102442 212
282 111 366 420 102749 214
283 111 368 418 103057 214
284 111 369 417 103369 214
285 111 360 425 103680 215
286 111 375 410 104000 215
287 111 392 392 104328 216
288 113 381 402 104621 217
289 114 360 423 104914 217
290 114 372 410 105232 218
291 114 388 391 105558 221
292 114 373 406 105856 221
293 114 383 393 106168 224
294 115 328 447 106437 225
295 115 386 388 106778 226
296 116 365 409 107079 226
297 116 370 402 107386 228
298 117 373 399 107690 228
299 117 363 408 107987 229
300 118 386 385 108311 229
301 120 366 405 108602 229
302 120 371 399 108911 230
303 120 363 405 109202 232
304 120 397 369 109530 234
305 120 336 429 109794 235
306 121 396 367 110131 237
307 121 326 437 110394 237
308 123 382 379 110722 239
309 125 345 416 111001 239
310 125 373 388 111316 239
311 125 375 386 111613 239
312 125 362 397 111902 241
313 125 354 403 112194 243
314 126 349 408 112492 243
315 127 366 391 112799 243
316 127 365 391 113098 244
317 127 361 395 113391 244
318 130 377 377 113690 246
319 130 335 418 113962 247
320 131 331 422 114244 247
321 131 367 386 114558 247
322 132 347 406 114841 247
323 132 351 402 115140 247
324 133 368 384 115445 248
325 134 347 403 115729 250
326 135 364 383 116027 253
327 135 334 412 116302 254
328 135 353 392 116602 255
329 136 347 397 116890 256
330 137 380 361 117200 259
331 138 352 389 117474 259
332 138 361 378 117766 261
333 139 367 372 118050 261
334 140 351 388 118333 261
335 140 354 385 118617 261
336 140 345 392 118902 263
337 141 356 381 119197 263
338 141 359 378 119492 263
339 142 333 404 119762 263
340 142 362 375 120061 263
341 142 339 397 120337 264
342 142 345 391 120627 264
343 144 359 377 120920 264
344 145 340 395 121202 265
345 145 361 374 121499 265
346 146 352 383 121783 265
347 147 352 382 122070 266
348 149 340 393 122345 267
349 149 376 357 122644 267
350 149 356 375 122914 269
351 149 345 385 123181 270
352 149 339 391 123462 270
353 150 359 371 123754 270
354 150 374 355 124035 271
355 150 344 384 124297 272
356 151 380 348 124601 272
357 152 360 367 124866 273
358 153 354 372 125147 274
359 153 334 390 125419 276
360 155 356 367 125714 277
361 155 346 377 125993 277
362 156 350 373 126271 277
363 156 345 378 126547 277
364 156 346 377 126825 277
365 157 339 384 127098 277
366 159 345 378 127382 277
367 159 362 361 127667 277
368 159 343 379 127933 278
369 160 347 375 128209 278
370 160 347 375 128485 278
371 161 327 395 128753 278
372 161 350 371 129051 279
373 161 350 371 129331 279
374 161 327 394 129592 279
375 162 345 375 129876 280
376 163 352 368 130157 280
377 163 367 352 130448 281
378 163 335 379 130704 286
379 165 338 375 130980 287
380 165 348 365 131266 287
381 165 362 349 131548 289
382 166 334 377 131812 289
383 167 348 362 132093 290
384 167 330 378 132352 292
385 168 338 370 132614 292
386 168 322 386 132873 292
387 170 335 372 133161 293
388 170 344 363 133436 293
389 170 349 357 133719 294
390 170 371 335 133998 294
391 170 303 401 134232 296
392 171 350 353 134519 297
393 173 323 379 134769 298
394 173 351 350 135050 299
395 174 326 373 135314 301
396 174 338 361 135585 301
397 175 343 356 135853 301
398 175 355 343 136117 302
399 176 331 367 136369 302
400 176 349 348 136645 303
401 177 340 357 136911 303
402 178 338 358 137170 304
403 178 341 355 137437 304
404 178 345 349 137700 306
405 178 348 345 137973 307
406 179 345 346 138239 309
407 179 337 354 138493 309
408 179 316 375 138747 309
409 180 331 360 139021 309
410 182 324 365 139283 311
411 182 340 348 139555 312
412 182 340 348 139811 312
413 182 331 355 140073 314
414 182 315 371 140325 314
415 182 333 352 140602 315
416 183 329 355 140860 316
417 183 324 358 141115 318
418 183 329 353 141385 318
419 184 327 354 141645 319
420 184 335 345 141900 320
421 184 356 324 142168 320
422 186 307 371 142400 322
423 186 337 341 142675 322
424 186 335 342 142931 323
425 186 321 354 143174 325
426 186 344 331 143437 325
427 186 319 356 143681 325
428 186 342 333 143953 325
429 186 316 359 144197 325
430 187 315 360 144446 325
431 188 338 336 144717 326
432 189 304 369 144940 327
433 189 354 318 145221 328
434 190 346 325 145468 329
435 191 341 330 145714 329
436 193 328 342 145957 330
437 194 338 332 146213 330
438 194 317 353 146448 330
439 194 343 327 146708 330
440 195 328 341 146945 331
441 195 338 330 147202 332
442 195 308 359 147428 333
443 196 335 332 147694 333
444 197 311 356 147930 333
445 198 316 351 148175 333
446 198 321 344 148425 335
447 199 336 328 148689 336
448 199 329 334 148927 337
449 199 344 319 149177 337
450 199 342 321 149421 337
451 199 321 342 149661 337
452 199 338 325 149918 337
453 199 319 344 150155 337
454 199 326 337 150411 337
455 200 323 340 150660 337
456 200 327 335 150910 338
457 200 334 327 151156 339
458 202 312 349 151387 339
459 203 345 316 151657 339
460 203 337 323 151897 340
461 203 314 345 152126 341
462 203 316 341 152366 343
463 203 323 334 152612 343
464 203 334 323 152861 343
465 203 305 351 153090 344
466 203 338 318 153349 344
467 204 317 338 153582 345
468 204 363 292 153856 345
469 205 338 317 154085 345
470 205 332 322 154330 346
471 205 312 342 154571 346
472 205 339 314 154833 347
473 205 312 341 155064 347
474 205 339 312 155319 349
475 206 310 340 155551 350
476 206 332 318 155799 350
477 206 319 329 156034 352
478 206 296 352 156258 352
479 206 316 331 156509 353
480 206 346 301 156764 353
481 206 324 323 156992 353
482 206 327 318 157236 355
483 206 315 330 157471 355
484 206 327 318 157723 355
485 206 323 321 157958 356
486 206 322 321 158200 357
487 206 338 303 158444 359
488 206 328 313 158670 359
489 206 317 324 158905 359
490 206 319 322 159145 359
491 206 324 317 159385 359
492 206 327 314 159621 359
493 206 322 319 159853 359
494 206 311 329 160079 360
495 206 313 327 160315 360
496 206 345 294 160565 361
497 206 321 317 160788 362
498 206 345 292 161031 363
499 206 331 306 161256 363
500 206 301 335 161477 364
501 206 306 328 161717 366
502 206 340 294 161974 366
503 206 323 311 162196 366
504 206 316 318 162417 366
505 207 324 310 162654 366
506 207 315 319 162884 366
507 207 315 319 163122 366
508 208 326 306 163366 368
509 208 313 318 163587 369
510 208 332 297 163834 371
511 208 343 286 164076 371
512 208 312 316 164284 372
513 208 318 307 164514 375
514 208 326 299 164748 375
515 208 315 310 164969 375
516 209 311 314 165196 375
517 209 328 297 165433 375
518 209 304 320 165644 376
519 210 306 318 165883 376
520 210 289 335 166102 376
521 210 304 320 166337 376
522 211 330 293 166582 377
523 211 334 288 166812 378
524 211 317 305 167030 378
525 211 323 299 167253 378
526 211 321 300 167477 379
527 211 315 306 167707 379
528 211 310 311 167928 379
529 212 313 308 168150 379
530 212 324 296 168387 380
531 212 334 286 168616 380
532 213 307 313 168827 380
533 213 336 284 169068 380
534 213 311 307 169277 382
535 213 310 308 169505 382
536 213 352 266 169747 382
537 213 289 327 169938 384
538 213 320 296 170179 384
539 213 330 285 170416 385
540 213 285 330 170618 385
541 213 294 320 170843 386
542 214 321 292 171089 387
543 215 288 325 171294 387
544 216 307 306 171527 387
545 216 321 292 171761 387
546 217 312 300 171986 388
547 217 323 289 172212 388
548 217 329 283 172430 388
549 217 327 285 172639 388
550 217 312 300 172854 388
551 217 324 287 173087 389
552 220 299 312 173297 389
553 220 315 295 173529 390
554 221 320 289 173754 391
555 221 299 309 173965 392
556 221 316 292 174193 392
557 221 312 296 174420 392
558 221 309 299 174640 392
559 221 314 294 174862 392
560 221 316 292 175083 392
561 221 333 275 175306 392
562 221 329 279 175520 392
563 221 320 288 175735 392
564 221 329 279 175958 392
565 221 297 311 176154 392
566 221 306 301 176378 393
567 221 327 279 176615 394
568 221 303 302 176824 395
569 221 318 287 177052 395
570 222 318 286 177271 396
571 222 297 307 177482 396
572 222 314 289 177709 397
573 222 309 293 177925 398
574 222 320 282 178150 398
575 222 312 290 178361 398
576 223 318 283 178580 399
577 223 296 305 178785 399
578 223 313 287 179014 400
579 224 313 285 179227 402
580 224 308 290 179429 402
581 225 309 288 179647 403
582 225 307 290 179864 403
583 225 302 295 180071 403
584 225 304 293 180276 403
585 225 342 255 180512 403
586 225 312 283 180702 405
587 225 288 307 180898 405
588 225 307 288 181127 405
589 225 301 294 181330 405
590 225 316 279 181547 405
591 225 291 303 181743 406
592 226 300 293 181969 407
593 228 298 295 182175 407
594 228 291 302 182387 407
595 228 282 310 182598 408
596 230 297 295 182823 408
597 230 323 269 183051 408
598 231 290 302 183250 408
599 231 308 284 183472 408
600 231 300 289 183676 411
601 231 311 278 183887 411
602 231 283 306 184085 411
603 231 318 270 184320 412
604 231 302 286 184527 412
605 231 308 280 184746 412
606 231 301 287 184956 412
607 231 312 276 185175 412
608 231 305 283 185384 412
609 232 311 277 185588 412
610 232 308 279 185798 413
611 233 306 279 186005 415
612 233 315 270 186219 415
613 233 327 258 186422 415
614 233 314 270 186617 416
615 233 294 289 186812 417
616 234 281 302 187010 417
617 234 295 287 187230 418
618 234 296 286 187437 418
619 234 314 267 187646 419
620 236 314 267 187850 419
621 238 297 284 188041 419
622 239 314 267 188256 419
623 239 328 253 188464 419
624 239 309 271 188662 420
625 239 312 267 188863 421
626 240 278 301 189045 421
627 240 313 266 189270 421
628 240 311 267 189468 422
629 241 311 267 189672 422
630 242 309 267 189873 424
631 242 302 273 190066 425
632 242 324 251 190275 425
633 242 282 293 190451 425
634 242 331 244 190688 425
635 243 297 278 190871 425
636 243 304 271 191072 425
637 243 304 271 191279 425
638 243 297 278 191477 425
639 243 295 279 191676 426
640 244 312 260 191893 428
641 244 295 277 192081 428
642 244 304 268 192286 428
643 244 306 264 192488 430
644 244 311 259 192688 430
645 244 307 263 192881 430
646 244 309 261 193082 430
647 244 313 257 193284 430
648 244 284 286 193465 430
649 244 301 269 193672 430
650 244 296 273 193873 431
651 244 322 246 194087 432
652 245 291 276 194270 433
653 245 320 247 194491 433
654 245 303 264 194675 433
655 245 298 269 194871 433
656 245 312 252 195076 436
657 245 309 255 195260 436
658 245 314 250 195453 436
659 246 300 264 195637 436
660 246 298 266 195832 436
661 246 297 267 196030 436
662 246 288 272 196222 440
663 246 278 281 196414 441
664 246 320 239 196635 441
665 246 295 262 196807 443
666 247 317 239 197010 444
667 247 298 258 197184 444
668 247 302 253 197373 445
669 247 297 258 197567 445
670 247 294 260 197767 446
671 247 299 255 197959 446
672 248 302 252 198149 446
673 250 275 279 198330 446
674 250 280 274 198527 446
675 251 283 271 198722 446
676 251 325 229 198943 446
677 251 306 247 199121 447
678 252 288 265 199309 447
679 252 315 236 199513 449
680 252 296 254 199687 450
681 252 306 244 199872 450
682 252 333 217 200069 450
683 252 344 205 200244 451
684 252 301 248 200398 451
685 252 290 259 200580 451
686 252 291 258 200772 451
687 252 299 250 200970 451
688 252 278 269 201157 453
689 252 299 248 201354 453
690 253 311 236 201543 453
691 253 312 235 201729 453
692 254 297 250 201901 453
693 255 285 261 202079 454
694 256 297 249 202278 454
695 256 295 251 202468 454
696 257 283 262 202646 455
697 257 277 268 202827 455
698 257 295 250 203025 455
699 258 314 231 203221 455
700 258 290 254 203391 456
701 258 287 256 203576 457
702 258 290 253 203767 457
703 258 305 238 203956 457
704 258 287 254 204125 459
705 258 302 239 204320 459
706 258 289 251 204494 460
707 259 292 247 204672 461
708 259 296 243 204856 461
709 260 297 242 205033 461
710 260 287 252 205211 461
711 260 296 242 205396 462
712 260 288 250 205570 462
713 260 309 229 205766 462
714 260 304 234 205940 462
715 261 298 239 206122 463
716 261 297 240 206308 463
717 261 308 228 206491 464
718 261 298 237 206662 465
719 261 295 240 206840 465
720 261 299 236 207027 465
721 261 271 262 207197 467
722 261 283 250 207392 467
723 261 290 243 207583 467
724 261 290 242 207764 468
725 261 292 240 207946 468
726 261 301 231 208133 468
727 261 323 209 208321 468
728 261 301 231 208478 468
729 261 292 240 208642 468
730 261 301 231 208820 468
731 261 263 269 208980 468
732 263 278 254 209172 468
733 264 288 242 209357 470
734 266 300 230 209541 470
735 267 283 247 209707 470
736 271 281 248 209886 471
737 271 288 241 210071 471
738 271 272 257 210242 471
739 271 290 239 210438 471
740 271 322 207 210631 471
741 272 290 239 210784 471
742 272 318 211 210978 471
743 272 263 266 211119 471
744 272 302 226 211319 472
745 273 265 263 211483 472
746 273 283 242 211682 475
747 274 279 246 211857 475
748 274 308 217 212052 475
749 274 317 208 212217 475
750 275 290 235 212366 475
751 276 284 240 212536 476
752 276 290 234 212718 476
753 276 284 240 212891 476
754 276 281 241 213064 478
755 276 311 210 213255 479
756 276 290 231 213412 479
757 276 274 246 213579 480
758 277 285 235 213756 480
759 277 272 248 213923 480
760 277 305 214 214112 481
761 278 275 243 214266 482
762 279 275 243 214441 482
763 279 289 229 214624 482
764 279 277 241 214790 482
765 279 290 228 214968 482
766 279 277 240 215138 483
767 279 292 225 215313 483
768 280 290 226 215485 484
769 280 287 229 215653 484
770 280 282 232 215820 486
771 280 266 247 215989 487
772 280 302 211 216175 487
773 280 293 220 216338 487
774 281 302 211 216509 487
775 281 281 232 216669 487
776 282 291 221 216844 488
777 282 263 249 216999 488
778 282 292 220 217184 488
779 282 293 217 217353 490
780 282 280 230 217512 490
781 282 296 214 217692 490
782 282 306 204 217862 490
783 282 294 216 218012 490
784 282 287 223 218177 490
785 282 299 211 218352 490
786 282 291 219 218515 490
787 282 288 222 218677 490
788 282 289 220 218845 491
789 283 305 204 219018 491
790 283 274 235 219166 491
791 283 290 219 219337 491
792 283 297 211 219508 492
793 285 293 214 219664 493
794 285 276 231 219815 493
795 285 281 226 219983 493
796 285 302 205 220154 493
797 285 281 226 220296 493
798 285 278 229 220459 493
799 286 293 213 220636 494
800 286 269 237 220788 494
801 286 291 215 220974 494
802 286 263 242 221128 495
803 286 270 235 221301 495
804 287 286 219 221474 495
805 287 279 226 221634 495
806 287 265 240 221788 495
807 288 285 220 221962 495
808 288 296 208 222132 496
809 289 273 231 222283 496
810 289 266 236 222447 498
811 289 288 214 222628 498
812 289 271 231 222781 498
813 289 278 223 222951 499
814 289 287 214 223124 499
815 289 289 212 223280 499
816 289 306 195 223453 499
817 289 298 203 223602 499
818 289 274 227 223754 499
819 289 304 197 223930 499
820 289 291 210 224074 499
821 289 270 230 224223 500
822 289 279 219 224393 502
823 289 261 237 224549 502
824 289 272 225 224723 503
825 289 262 235 224881 503
826 290 299 198 225060 503
827 290 285 212 225210 503
828 290 289 208 225368 503
829 291 306 190 225528 504
830 291 287 209 225671 504
831 291 281 215 225817 504
832 291 263 233 225967 504
833 291 295 201 226148 504
834 292 278 218 226293 504
835 292 311 185 226468 504
836 292 290 206 226604 504
837 292 314 182 226775 504
838 292 268 227 226903 505
839 292 293 202 227073 505
840 292 284 211 227227 505
841 293 276 218 227380 506
842 293 291 203 227553 506
843 293 285 208 227709 507
844 293 289 204 227865 507
845 293 285 208 228018 507
846 293 287 206 228176 507
847 293 268 224 228319 508
848 293 285 207 228486 508
849 293 282 209 228640 509
850 293 278 213 228795 509
851 293 279 212 228955 509
852 293 270 220 229101 510
853 293 286 203 229268 511
854 293 290 198 229429 512
855 293 276 212 229576 512
856 293 293 195 229733 512
857 293 278 210 229882 512
858 293 305 182 230044 513
859 293 298 189 230189 513
860 293 295 191 230335 514
861 294 277 209 230473 514
862 294 294 192 230635 514
863 294 287 199 230775 514
864 294 294 192 230935 514
865 295 283 201 231073 516
866 295 263 221 231215 516
867 295 274 210 231378 516
868 295 263 221 231536 516
869 295 283 200 231704 517
870 295 281 201 231863 518
871 296 283 199 232021 518
872 296 270 212 232167 518
873 296 295 187 232334 518
874 296 266 216 232467 518
875 296 302 179 232635 519
876 296 293 188 232768 519
877 296 278 202 232906 520
878 296 266 214 233048 520
879 296 267 213 233206 520
880 296 271 209 233363 520
881 296 273 206 233520 521
882 296 276 203 233671 521
883 296 259 220 233812 521
884 296 277 201 233979 522
885 296 270 208 234125 522
886 296 278 200 234277 522
887 296 278 200 234428 522
888 296 262 215 234570 523
889 296 267 209 234727 524
890 296 269 207 234883 524
891 296 270 205 235027 525
892 296 281 194 235185 525
893 296 280 195 235330 525
894 297 258 215 235470 527
895 297 278 195 235632 527
896 297 265 207 235771 528
897 297 306 166 235942 528
898 297 275 197 236062 528
899 298 275 197 236204 528
900 298 271 201 236349 528
901 298 267 205 236492 528
902 298 288 183 236648 529
903 299 268 203 236782 529
904 299 270 201 236927 529
905 299 289 182 237083 529
906 299 277 194 237222 529
907 299 266 205 237365 529
908 299 276 195 237522 529
909 299 284 187 237674 529
910 299 274 197 237810 529
911 299 290 181 237961 529
912 299 268 201 238089 531
913 299 267 202 238241 531
914 299 288 181 238399 531
915 299 269 199 238536 532
916 300 243 225 238676 532
917 301 269 198 238845 533
918 302 284 183 238997 533
919 302 286 180 239143 534
920 303 259 207 239273 534
921 303 258 206 239420 536
922 303 282 182 239583 536
923 303 287 177 239725 536
924 303 280 184 239860 536
925 303 297 167 240011 536
926 304 280 184 240138 536
927 304 260 204 240271 536
928 304 261 203 240417 536
929 304 274 190 240574 536
930 305 254 210 240711 536
931 305 270 194 240869 536
932 305 275 189 241015 536
933 306 287 177 241159 536
934 306 274 190 241291 536
935 306 287 177 241441 536
936 306 277 185 241571 538
937 306 249 213 241695 538
938 306 285 177 241856 538
939 306 261 201 241984 538
940 306 269 193 242130 538
941 306 272 190 242279 538
942 306 254 206 242414 540
943 306 264 195 242571 541
944 306 239 220 242701 541
945 306 286 171 242870 543
946 306 291 166 243005 543
947 306 253 204 243120 543
948 306 262 195 243266 543
949 306 253 204 243407 543
950 307 252 205 243551 543
951 307 277 180 243706 543
952 307 263 193 243841 544
953 307 262 194 243982 544
954 307 260 196 244122 544
955 307 281 175 244275 544
956 307 260 196 244402 544
957 307 263 193 244538 544
958 307 269 187 244679 544
959 307 271 185 244820 544
960 307 259 197 244952 544
961 308 265 191 245098 544
962 308 278 178 245249 544
963 309 278 178 245386 544
964 309 276 180 245527 544
965 309 277 179 245663 544
966 310 264 192 245800 544
967 310 272 184 245947 544
968 310 272 184 246091 544
969 311 287 169 246235 544
970 311 301 155 246373 544
971 311 276 180 246485 544
972 311 283 173 246629 544
973 311 267 189 246753 544
974 311 276 179 246899 545
975 311 272 183 247030 545
976 311 292 163 247181 545
977 312 263 192 247302 545
978 312 266 189 247447 545
979 312 267 188 247590 545
980 313 285 170 247746 545
981 313 269 186 247873 545
982 313 256 198 248003 546
983 313 279 175 248160 546
984 313 252 202 248288 546
985 313 270 184 248442 546
986 313 249 205 248578 546
987 313 284 170 248743 546
988 313 252 202 248861 546
989 314 268 186 249010 546
990 314 271 183 249159 546
991 314 275 179 249301 546
992 314 268 185 249438 547
993 314 297 156 249586 547
994 314 284 169 249705 547
995 314 272 180 249830 548
996 314 256 196 249964 548
997 314 270 182 250111 548
998 314 270 182 250254 548
999 314 265 187 250394 548
1000 314 255 196 250521 549
1001 314 278 172 250671 550
1002 314 279 171 250812 550
1003 315 282 168 250944 550
1004 315 286 164 251075 550
1005 315 279 171 251204 550
1006 316 266 184 251328 550
1007 316 268 182 251465 550
1008 316 276 174 251610 550
1009 316 262 188 251735 550
1010 317 281 169 251879 550
1011 317 250 200 251996 550
1012 317 251 198 252135 551
1013 318 255 194 252286 551
1014 318 256 192 252429 552
1015 318 270 178 252575 552
1016 318 267 180 252707 553
1017 318 271 174 252846 555
1018 318 268 177 252985 555
1019 319 254 191 253109 555
1020 319 288 156 253257 556
1021 321 280 164 253378 556
1022 321 265 179 253499 556
1023 321 264 180 253630 556
1024 321 253 191 253763 556
1025 321 293 150 253919 557
1026 321 281 162 254038 557
1027 321 273 170 254163 557
1028 321 265 178 254295 557
1029 321 260 183 254426 557
1030 321 286 157 254577 557
1031 321 298 145 254706 557
1032 321 252 191 254807 557
1033 321 284 159 254958 557
1034 321 271 172 255078 557
1035 321 256 186 255202 558
1036 321 267 175 255343 558
1037 321 275 167 255480 558
1038 321 270 172 255610 558
1039 321 281 159 255748 560
1040 322 265 175 255870 560
1041 322 279 161 256014 560
1042 322 263 176 256133 561
1043 322 255 184 256264 561
1044 322 260 178 256401 562
1045 322 253 185 256538 562
1046 322 259 179 256672 562
1047 322 267 171 256810 562
1048 322 278 160 256944 562
1049 322 248 190 257059 562
1050 322 266 172 257201 562
1051 322 268 170 257332 562
1052 322 254 184 257450 562
1053 322 267 171 257599 562
1054 322 252 186 257719 562
1055 323 251 186 257862 563
1056 323 268 169 258007 563
1057 323 258 179 258139 563
1058 323 259 178 258277 563
1059 323 272 165 258419 563
1060 323 255 182 258545 563
1061 323 267 170 258677 563
1062 323 249 188 258807 563
1063 323 264 173 258952 563
1064 323 274 163 259090 563
1065 323 281 156 259223 563
1066 323 252 185 259336 563
1067 323 271 166 259478 563
1068 323 270 167 259605 563
1069 323 275 162 259735 563
1070 323 256 179 259853 565
1071 323 269 166 259988 565
1072 323 276 159 260118 565
1073 323 254 181 260235 565
1074 323 254 181 260370 565
1075 323 272 163 260510 565
1076 323 276 159 260638 565
1077 323 274 161 260762 565
1078 323 275 160 260892 565
1079 323 280 155 261018 565
1080 323 294 141 261153 565
1081 323 269 166 261265 565
1082 323 269 166 261388 565
1083 323 279 156 261524 565
1084 323 292 143 261649 565
1085 323 277 158 261764 565
1086 323 262 173 261880 565
1087 323 274 161 262018 565
1088 323 299 136 262155 565
1089 324 279 156 262266 565
1090 324 280 155 262390 565
1091 324 271 163 262514 566
1092 325 253 181 262635 566
1093 326 268 165 262779 567
1094 327 255 178 262905 567
1095 327 262 171 263036 567
1096 327 265 168 263163 567
1097 327 246 187 263277 567
1098 327 270 163 263419 567
1099 327 266 167 263547 567
1100 327 259 174 263671 567
1101 327 265 168 263805 567
1102 328 240 193 263923 567
1103 328 254 179 264070 567
1104 328 246 187 264198 567
1105 328 256 177 264340 567
1106 328 259 174 264480 567
1107 328 255 178 264617 567
1108 330 256 177 264758 567
1109 330 253 180 264890 567
1110 330 268 164 265032 568
1111 330 260 170 265154 570
1112 330 248 182 265280 570
1113 330 259 169 265420 572
1114 330 261 167 265549 572
1115 330 248 180 265671 572
1116 330 271 157 265813 572
1117 330 266 162 265945 572
1118 332 287 141 266083 572
1119 332 276 152 266202 572
1120 332 289 139 266329 572
1121 332 293 135 266447 572
1122 332 289 139 266561 572
1123 333 279 148 266673 573
1124 333 278 149 266797 573
1125 334 264 163 266913 573
1126 335 260 167 267036 573
1127 335 286 141 267171 573
1128 335 259 168 267281 573
1129 336 271 156 267413 573
1130 336 250 177 267530 573
1131 336 253 174 267662 573
1132 336 249 178 267788 573
1133 336 259 168 267925 573
1134 336 247 180 268049 573
1135 336 264 162 268187 574
1136 336 259 167 268308 574
1137 336 271 155 268440 574
1138 336 259 167 268564 574
1139 337 246 180 268690 574
1140 337 261 165 268832 574
1141 337 272 154 268963 574
1142 337 260 166 269080 574
1143 338 269 157 269213 574
1144 338 247 177 269333 576
1145 339 242 182 269458 576
1146 339 261 163 269599 576
1147 339 265 159 269725 576
1148 339 290 134 269862 576
1149 339 270 154 269966 576
1150 339 265 159 270084 576
1151 339 268 156 270206 576
1152 339 263 161 270325 576
1153 339 264 160 270450 576
1154 339 263 161 270572 576
1155 340 264 160 270695 576
1156 340 262 162 270814 576
1157 340 243 181 270931 576
1158 340 248 176 271059 576
1159 340 271 153 271201 576
1160 340 242 182 271312 576
1161 340 273 151 271454 576
1162 341 249 175 271567 576
1163 341 247 176 271686 577
1164 341 257 166 271816 577
1165 342 276 147 271947 577
1166 342 277 146 272067 577
1167 342 252 171 272172 577
1168 342 268 155 272310 577
1169 342 266 157 272423 577
1170 344 263 160 272543 577
1171 344 265 158 272667 577
1172 344 267 156 272785 577
1173 345 268 155 272907 577
1174 345 263 160 273024 577
1175 345 252 171 273143 577
1176 345 266 157 273276 577
1177 345 265 158 273399 577
1178 347 254 169 273519 577
1179 347 239 184 273640 577
1180 347 264 159 273783 577
1181 348 271 152 273910 577
1182 348 293 130 274042 577
1183 348 275 148 274149 577
1184 348 291 132 274276 577
1185 348 257 166 274373 577
1186 348 287 136 274515 577
1187 348 257 164 274615 579
1188 348 231 190 274733 579
1189 348 280 141 274891 579
1190 349 260 160 275000 580
1191 349 272 148 275126 580
1192 349 262 158 275240 580
1193 349 288 132 275371 580
1194 349 266 154 275470 580
1195 349 263 157 275589 580
1196 349 248 172 275706 580
1197 349 248 172 275829 580
1198 349 290 130 275974 580
1199 349 273 146 276080 581
1200 349 272 147 276196 581
1201 350 284 135 276315 581
1202 350 275 144 276424 581
1203 351 283 136 276545 581
1204 351 291 128 276662 581
1205 351 283 136 276764 581
1206 351 271 148 276868 581
1207 351 281 138 276989 581
1208 351 294 125 277104 581
1209 351 283 136 277209 581
1210 351 281 138 277318 581
1211 351 275 143 277423 582
1212 351 274 144 277542 582
1213 351 268 150 277652 582
1214 351 264 154 277768 582
1215 351 272 146 277895 582
1216 351 255 163 278004 582
1217 351 264 154 278134 582
1218 351 289 129 278267 582
1219 351 274 143 278377 583
1220 351 268 148 278487 584
1221 351 257 159 278599 584
1222 351 265 151 278726 584
1223 351 261 155 278845 584
1224 351 262 154 278971 584
1225 351 260 156 279090 584
1226 351 273 143 279212 584
1227 351 270 146 279325 584
1228 352 267 149 279439 584
1229 352 256 160 279554 584
1230 352 270 146 279682 584
1231 352 258 158 279791 584
1232 352 267 148 279914 585
1233 352 239 175 280027 586
1234 353 257 156 280163 587
1235 353 258 155 280295 587
1236 353 253 160 280414 587
1237 353 275 138 280549 587
1238 353 292 121 280672 587
1239 353 255 158 280761 587
1240 353 262 151 280882 587
1241 353 255 158 280999 587
1242 353 271 142 281127 587
1243 353 277 136 281245 587
1244 353 260 153 281350 587
1245 353 278 135 281476 587
1246 353 273 140 281585 587
1247 353 260 153 281694 587
1248 353 268 145 281820 587
1249 353 256 157 281937 587
1250 353 282 131 282069 587
1251 353 270 143 282175 587
1252 353 251 162 282284 587
1253 353 267 146 282415 587
1254 354 263 149 282528 588
1255 355 274 138 282647 588
1256 355 264 148 282755 588
1257 355 266 146 282871 588
1258 355 268 144 282985 588
1259 355 266 146 283101 588
1260 355 280 132 283226 588
1261 355 271 141 283332 588
1262 355 285 127 283449 588
1263 355 282 129 283554 589
1264 355 275 136 283658 589
1265 355 274 137 283770 589
1266 355 265 146 283880 589
1267 355 281 129 284000 590
1268 355 281 129 284110 590
1269 355 265 145 284213 590
1270 355 264 146 284325 590
1271 355 263 147 284444 590
1272 355 286 124 284567 590
1273 355 261 149 284662 590
1274 355 275 135 284785 590
1275 355 281 128 284896 591
1276 355 272 137 285001 591
1277 355 267 142 285104 591
1278 355 239 170 285206 591
1279 355 276 133 285349 591
1280 355 254 154 285454 592
1281 355 254 154 285575 592
1282 355 257 151 285697 592
1283 355 275 133 285823 592
1284 355 271 137 285935 592
1285 355 271 137 286048 592
1286 355 262 146 286155 592
1287 355 271 137 286276 592
1288 355 255 152 286380 593
1289 355 259 148 286500 593
1290 355 265 142 286615 593
1291 355 255 152 286723 593
1292 355 270 137 286845 593
1293 355 263 144 286957 593
1294 355 267 140 287071 593
1295 355 249 158 287178 593
1296 355 276 131 287311 593
1297 355 256 151 287408 593
1298 355 279 128 287532 593
1299 355 279 128 287642 593
1300 355 282 125 287751 593
1301 355 275 132 287857 593
1302 355 236 171 287952 593
1303 355 253 154 288086 593
1304 355 267 140 288209 593
1305 355 260 147 288321 593
1306 357 251 156 288431 593
1307 357 239 167 288546 594
1308 357 264 142 288678 594
1309 357 281 125 288800 594
1310 357 254 152 288895 594
1311 357 249 157 289012 594
1312 358 264 142 289144 594
1313 359 249 157 289252 594
1314 359 273 133 289382 594
1315 359 269 137 289488 594
1316 359 257 149 289591 594
1317 359 264 142 289709 594
1318 359 265 141 289822 594
1319 359 248 158 289932 594
1320 359 264 142 290054 594
1321 359 263 143 290166 594
1322 359 271 134 290279 595
1323 359 275 130 290388 595
1324 359 263 142 290487 595
1325 359 279 126 290607 595
1326 359 289 116 290717 595
1327 359 259 146 290806 595
1328 359 272 133 290928 595
1329 359 252 153 291034 595
1330 359 264 141 291160 595
1331 359 271 134 291270 595
1332 359 260 145 291375 595
1333 359 272 133 291492 595
1334 359 271 134 291601 595
1335 359 279 126 291708 595
1336 359 264 141 291809 595
1337 359 266 139 291921 595
1338 359 254 151 292024 595
1339 359 283 122 292148 595
1340 360 269 136 292247 595
1341 360 283 122 292365 595
1342 360 269 136 292466 595
1343 360 269 136 292575 595
1344 360 279 126 292686 595
1345 360 273 132 292789 595
1346 360 266 139 292893 595
1347 360 253 152 292998 595
1348 361 287 118 293129 595
1349 361 283 122 293226 595
1350 361 280 125 293332 595
1351 362 286 119 293439 595
1352 362 280 124 293535 596
1353 362 271 133 293634 596
1354 362 265 139 293738 596
1355 362 274 130 293850 596
1356 362 266 138 293955 596
1357 362 267 137 294064 596
1358 362 274 129 294173 597
1359 362 262 140 294273 598
1360 362 258 144 294385 598
1361 362 257 145 294498 598
1362 362 266 136 294618 598
1363 362 270 132 294726 598
1364 362 255 147 294829 598
1365 363 251 151 294943 598
1366 363 248 154 295059 598
1367 363 254 148 295177 598
1368 363 269 133 295299 598
1369 363 265 137 295402 598
1370 363 269 133 295513 598
1371 363 246 156 295618 598
1372 363 264 138 295745 598
1373 363 261 141 295853 598
1374 363 256 146 295961 598
1375 363 267 135 296073 598
1376 363 256 146 296177 598
1377 363 249 153 296291 598
1378 363 252 150 296411 598
1379 363 263 139 296531 598
1380 363 230 172 296628 598
1381 363 256 145 296767 599
1382 363 256 145 296877 599
1383 363 268 133 296998 599
1384 363 274 127 297110 599
1385 364 257 144 297213 599
1386 364 278 123 297334 599
1387 364 259 142 297432 599
1388 364 260 141 297544 599
1389 364 257 144 297657 599
1390 365 259 142 297770 599
1391 366 252 149 297880 599
1392 366 271 130 298001 599
1393 366 274 127 298107 599
1394 366 271 130 298209 599
1395 366 263 138 298314 599
1396 366 265 136 298426 599
1397 366 258 143 298537 599
1398 366 244 157 298643 599
1399 366 269 132 298775 599
1400 368 260 141 298877 599
1401 368 253 148 298982 599
1402 368 269 132 299108 599
1403 368 256 145 299211 599
1404 368 284 117 299331 599
1405 368 274 127 299431 599
1406 368 266 135 299539 599
1407 368 254 147 299638 599
1408 368 243 158 299750 599
1409 368 247 153 299870 600
1410 368 257 143 299996 600
1411 368 270 130 300113 600
1412 368 261 139 300217 600
1413 368 271 128 300328 601
1414 368 259 140 300436 601
1415 368 241 158 300539 601
1416 368 266 133 300672 601
1417 368 269 130 300782 601
1418 368 252 147 300885 601
1419 369 265 134 301006 601
1420 369 258 141 301115 601
1421 369 253 146 301227 601
1422 369 274 125 301351 601
1423 369 262 137 301452 601
1424 369 255 144 301563 601
1425 369 264 135 301680 601
1426 369 265 134 301792 601
1427 369 260 139 301906 601
1428 369 260 139 302021 601
1429 369 256 143 302133 601
1430 369 257 142 302246 601
1431 370 241 158 302352 601
1432 370 252 147 302475 601
1433 370 258 141 302590 601
1434 371 257 142 302699 601
1435 371 248 150 302812 602
1436 371 264 134 302935 602
1437 371 247 151 303037 602
1438 372 257 141 303163 602
1439 372 250 148 303270 602
1440 372 263 135 303389 602
1441 372 248 149 303495 603
1442 372 248 149 303609 603
1443 373 263 134 303727 603
1444 374 271 126 303837 603
1445 374 252 145 303939 603
1446 374 259 138 304054 603
1447 374 258 139 304167 603
1448 374 259 138 304275 603
1449 374 273 124 304391 603
1450 374 264 133 304494 603
1451 374 284 113 304612 603
1452 374 255 142 304700 603
1453 374 267 130 304818 603
1454 374 244 153 304913 603
1455 374 263 134 305035 603
1456 374 256 141 305141 603
1457 374 271 126 305255 603
1458 374 270 127 305354 603
1459 374 277 120 305455 603
1460 374 283 114 305556 603
1461 374 289 108 305650 603
1462 374 268 129 305740 603
1463 374 281 116 305847 603
1464 374 251 146 305937 603
1465 374 271 126 306058 603
1466 374 252 145 306158 603
1467 374 266 131 306268 603
1468 374 241 156 306369 603
1469 374 257 140 306496 603
1470 374 261 136 306616 603
1471 374 269 128 306729 603
1472 374 244 152 306825 604
1473 374 268 128 306956 604
1474 374 255 141 307055 604
1475 374 262 133 307171 605
1476 374 256 139 307272 605
1477 374 253 142 307382 605
1478 374 265 130 307496 605
1479 374 247 148 307595 605
1480 374 266 129 307718 605
1481 374 256 139 307824 605
1482 374 266 129 307935 605
1483 374 268 127 308039 605
1484 374 255 140 308144 605
1485 374 273 122 308263 605
1486 374 258 137 308358 605
1487 374 253 142 308468 605
1488 374 265 130 308588 605
1489 374 264 131 308691 605
1490 374 284 111 308802 605
1491 374 272 123 308895 605
1492 374 263 132 308992 605
1493 374 273 122 309101 605
1494 374 252 143 309197 605
1495 374 262 132 309312 606
1496 374 270 124 309426 606
1497 374 261 133 309525 606
1498 374 268 126 309635 606
1499 374 249 144 309728 607
1500 374 240 153 309836 607
1501 374 244 149 309956 607
1502 374 247 146 310070 607
1503 374 259 134 310188 607
1504 375 234 159 310284 607
1505 375 254 139 310407 607
1506 375 258 135 310519 607
1507 375 232 161 310611 607
1508 375 229 164 310727 607
1509 375 247 146 310852 607
1510 375 260 133 310969 607
1511 375 254 139 311075 607
1512 375 259 134 311192 607
1513 376 260 133 311297 607
1514 376 262 131 311407 607
1515 376 256 137 311512 607
1516 376 240 153 311617 607
1517 376 247 146 311738 607
1518 376 265 128 311858 607
1519 377 248 145 311957 607
1520 377 255 137 312070 608
1521 377 260 132 312181 608
1522 377 263 128 312286 609
1523 378 269 122 312392 609
1524 378 266 125 312493 609
1525 378 237 154 312587 609
1526 378 243 148 312701 609
1527 379 247 144 312819 609
1528 379 253 138 312934 609
1529 379 249 142 313049 609
1530 379 259 132 313160 609
1531 379 252 139 313268 609
1532 379 243 148 313372 609
1533 380 257 134 313493 609
1534 381 263 128 313605 609
1535 381 255 136 313711 609
1536 382 258 133 313817 609
1537 382 247 144 313914 609
1538 382 240 150 314016 610
1539 382 248 142 314137 610
1540 382 256 134 314249 610
1541 382 247 143 314352 610
1542 382 248 142 314464 610
1543 382 258 131 314578 611
1544 382 252 137 314681 611
1545 382 247 141 314786 612
1546 382 256 131 314906 613
1547 382 252 135 315012 613
1548 382 268 119 315126 613
1549 383 260 127 315221 613
1550 383 292 95 315330 613
1551 383 267 120 315403 613
1552 383 280 107 315506 613
1553 383 281 106 315594 613
1554 383 283 104 315678 613
1555 383 267 120 315763 613
1556 384 273 114 315856 613
1557 384 257 130 315949 613
1558 384 250 137 316044 613
1559 384 240 147 316153 613
1560 384 254 133 316274 613
1561 384 249 138 316382 613
1562 384 235 152 316488 613
1563 384 244 143 316603 613
1564 384 253 134 316724 613
1565 385 260 127 316835 613
1566 385 266 121 316941 613
1567 386 245 142 317033 613
1568 386 245 142 317144 613
1569 386 250 137 317256 613
1570 386 252 135 317364 613
1571 386 265 122 317473 613
1572 387 261 126 317573 613
1573 387 277 110 317686 613
1574 387 251 136 317769 613
1575 387 241 146 317866 613
1576 387 239 147 317976 614
1577 387 256 130 318089 614
1578 387 260 126 318195 614
1579 387 258 128 318296 614
1580 387 257 129 318401 614
1581 387 267 119 318508 614
1582 388 259 127 318605 614
1583 389 257 129 318708 614
1584 389 260 126 318814 614
1585 390 263 123 318919 614
1586 390 233 152 319008 615
1587 390 252 133 319129 615
1588 390 267 118 319244 615
1589 390 252 133 319338 615
1590 390 270 115 319449 615
1591 390 263 122 319542 615
1592 390 253 132 319639 615
1593 390 249 135 319747 616
1594 390 256 128 319853 616
1595 390 259 125 319963 616
1596 390 255 129 320060 616
1597 390 241 143 320160 616
1598 390 245 139 320273 616
1599 390 221 163 320377 616
1600 390 255 129 320510 616
1601 390 244 140 320611 616
1602 390 245 139 320722 616
1603 390 237 146 320825 617
1604 390 251 132 320945 617
1605 390 244 139 321051 617
1606 390 239 144 321158 617
1607 390 247 135 321274 618
1608 390 259 123 321381 618
1609 390 259 123 321483 618
1610 390 271 111 321587 618
1611 390 245 137 321676 618
1612 390 260 122 321790 618
1613 390 245 137 321886 618
1614 390 241 141 321995 618
1615 391 261 121 322114 618
1616 391 245 137 322211 618
1617 391 262 120 322318 618
1618 391 269 113 322417 618
1619 391 251 131 322503 618
1620 391 259 123 322610 618
1621 391 256 126 322710 618
1622 391 258 124 322817 618
1623 391 250 132 322915 618
1624 391 266 116 323027 618
1625 391 258 124 323120 618
1626 391 252 130 323217 618
1627 391 249 133 323319 618
1628 391 251 131 323423 618
1629 391 241 141 323525 618
1630 391 266 116 323646 618
1631 391 256 126 323741 618
1632 391 244 138 323837 618
1633 391 257 125 323952 618
1634 391 232 150 324043 618
1635 391 248 134 324168 618
1636 391 258 124 324279 618
1637 391 236 146 324363 618
1638 391 237 145 324482 618
1639 391 262 120 324605 618
1640 391 241 141 324700 618
1641 391 261 121 324814 618
1642 391 257 125 324914 618
1643 391 264 117 325013 619
1644 391 277 104 325113 619
1645 391 264 117 325195 619
1646 391 274 107 325296 619
1647 391 265 115 325388 620
1648 391 260 120 325481 620
1649 391 265 115 325580 620
1650 391 260 120 325677 620
1651 391 253 127 325773 620
1652 391 260 120 325879 620
1653 391 252 128 325980 620
1654 391 239 141 326083 620
1655 391 261 119 326198 620
1656 391 250 130 326295 620
1657 391 248 132 326400 620
1658 391 239 141 326502 620
1659 391 253 127 326620 620
1660 391 242 138 326713 620
1661 391 237 143 326821 620
1662 391 246 134 326932 620
1663 391 237 143 327035 620
1664 391 248 131 327148 621
1665 391 242 137 327251 621
1666 391 250 129 327362 621
1667 391 253 126 327465 621
1668 391 243 136 327563 621
1669 391 249 130 327674 621
1670 391 254 125 327782 621
1671 391 254 125 327886 621
1672 391 261 118 327993 621
1673 391 257 122 328084 621
1674 391 261 117 328186 622
1675 392 243 135 328274 622
1676 392 254 124 328382 622
1677 392 236 142 328479 622
1678 392 263 115 328596 622
1679 392 259 119 328690 622
1680 392 259 119 328786 622
1681 392 252 126 328873 622
1682 392 268 110 328983 622
1683 392 254 124 329068 622
1684 392 255 122 329166 623
1685 392 241 136 329259 623
1686 392 249 128 329368 623
1687 392 232 145 329459 623
1688 392 242 135 329570 623
1689 392 246 131 329679 623
1690 392 265 112 329791 623
1691 392 254 123 329884 623
1692 392 257 120 329985 623
1693 392 249 128 330075 623
1694 392 253 124 330176 623
1695 392 255 122 330282 623
1696 392 253 124 330378 623
1697 392 230 147 330467 623
1698 392 233 144 330575 623
1699 392 243 134 330686 623
1700 392 259 118 330796 623
1701 392 243 134 330883 623
1702 392 245 132 330993 623
1703 392 254 123 331106 623
1704 392 228 149 331203 623
1705 392 251 126 331323 623
1706 392 256 120 331429 624
1707 392 241 135 331517 624
1708 392 258 118 331629 624
1709 392 269 107 331736 624
1710 392 277 99 331834 624
1711 392 281 95 331926 624
1712 392 273 102 332004 625
1713 392 277 98 332098 625
1714 392 261 114 332175 625
1715 392 256 119 332270 625
1716 392 267 108 332365 625
1717 392 249 126 332451 625
1718 392 256 119 332550 625
1719 392 252 123 332647 625
1720 392 242 133 332746 625
1721 392 252 123 332857 625
1722 392 253 122 332960 625
1723 392 257 118 333059 625
1724 392 256 119 333156 625
1725 392 260 115 333257 625
1726 392 248 127 333354 625
1727 392 256 119 333454 625
1728 392 249 125 333548 626
1729 392 236 138 333645 626
1730 392 224 150 333743 626
1731 392 248 126 333863 626
1732 392 246 128 333967 626
1733 392 256 118 334070 626
1734 392 256 118 334168 626
1735 392 267 107 334264 626
1736 392 251 123 334350 626
1737 394 262 112 334450 626
1738 394 229 145 334533 626
1739 394 241 133 334648 626
1740 394 242 132 334751 626
1741 394 254 120 334856 626
1742 394 231 143 334947 626
1743 395 250 124 335062 626
1744 395 232 142 335164 626
1745 395 253 121 335280 626
1746 395 245 129 335378 626
1747 395 237 137 335476 626
1748 395 239 135 335580 626
1749 395 242 132 335683 626
1750 395 260 114 335793 626
1751 395 255 119 335887 626
1752 395 263 111 335985 626
1753 395 235 139 336069 626
1754 395 253 121 336181 626
1755 395 245 129 336280 626
1756 395 250 124 336387 626
1757 395 244 130 336485 626
1758 395 255 119 336589 626
1759 396 260 114 336688 626
1760 396 257 117 336783 626
1761 396 252 122 336877 626
1762 396 237 137 336969 626
1763 396 239 135 337075 626
1764 396 246 128 337186 626
1765 396 250 124 337286 626
1766 398 253 121 337384 626
1767 398 252 122 337479 626
1768 398 245 129 337578 626
1769 398 265 109 337688 626
1770 398 269 105 337780 626
1771 398 270 104 337865 626
1772 398 268 106 337952 626
1773 398 238 136 338031 626
1774 398 263 111 338147 626
1775 399 249 125 338235 626
1776 399 252 122 338333 626
1777 399 242 132 338433 626
1778 400 244 130 338534 626
1779 400 274 100 338648 626
1780 400 253 121 338729 626
1781 400 251 123 338831 626
1782 400 251 123 338929 626
1783 400 265 108 339032 627
1784 400 262 111 339118 627
1785 400 260 113 339208 627
1786 401 267 106 339300 627
1787 401 256 117 339387 627
1788 402 261 112 339483 627
1789 402 237 136 339568 627
1790 402 254 119 339675 627
1791 404 257 116 339774 627
1792 404 278 95 339877 627
1793 404 268 105 339957 627
1794 404 285 88 340048 627
1795 404 266 107 340118 627
1796 404 249 124 340200 627
1797 404 245 128 340297 627
1798 405 248 125 340397 627
1799 405 256 117 340503 627
1800 405 254 119 340597 627
1801 405 252 121 340697 627
1802 406 254 119 340798 627
1803 406 227 146 340885 627
1804 406 244 129 340998 627
1805 406 237 136 341096 627
1806 407 254 119 341211 627
1807 407 249 124 341304 627
1808 407 262 111 341406 627
1809 407 268 105 341498 627
1810 407 259 114 341585 627
1811 407 257 116 341677 627
1812 408 229 144 341762 627
1813 408 246 127 341869 627
1814 409 238 135 341969 627
1815 410 257 116 342079 627
1816 410 250 123 342177 627
1817 410 244 129 342275 627
1818 410 232 140 342374 628
1819 410 252 120 342492 628
1820 410 250 122 342590 628
1821 410 245 127 342688 628
1822 410 248 124 342783 628
1823 410 236 136 342876 628
1824 410 259 113 342988 628
